4294967279,66
4294967279,65
4294967279,64
4294967279,63
4294967279,62
4294967279,61
4294967279,60
4294967279,59
4294967279,58
4294967279,57
4294967279,56
4294967279,55
4294967279,54
4294967279,53
4294967279,52
4294967279,51
4294967279,50
4294967279,49
4294967279,48
4294967279,112
4294967279,111
4294967279,110
4294967279,109
4294967279,108
4294967279,107
4294967279,106
4294967279,105
4294967279,104
4294967279,103
4294967279,102
4294967279,101
4294967279,100
4294967279,99
4294967279,98
4294967279,97
4294967279,96
4294967279,95
4294967279,94
4294967279,93
4294967279,92
4294967279,86
4294967279,84
4294967279,83
4294967279,82
4294967279,81
4294967279,80
4294967279,79
4294967279,78
4294967279,77
4294967279,76
4294967279,75
4294967279,74
4294967279,73
4294967279,72
4294967279,71
4294967279,70
4294967279,69
4294967279,68
4294967279,67
4294967278,208
4294967278,206
4294967279,91
4294967294,185
4294967279,206
4294967278,204
31,4
4294967279,205
31,3
31,2
31,1
4294967294,428
4294967279,204
4294967279,90
4294967279,353
4294967279,89
4294967278,543
4294967279,352
4294967279,87
4294967278,199
4294967279,200
4294967278,198
4294967278,542
4294967279,199
4294967279,351
4294967279,85
4294967279,198
4294967279,197
4294967278,192
4294967279,196
30,6
4294967278,194
30,5
4294967279,195
30,4
4294967278,193
30,3
30,2
30,1
4294967278,541
4294967279,350
4294967278,540
4294967279,349
4294967278,539
4294967278,538
4294967278,184
4294967278,183
4294967279,348
4294967279,347
4294967278,178
4294967294,115
27,4
27,3
27,2
27,1
4294967279,346
26,4
26,3
26,2
26,1
4294967279,345
4294967279,88
4294967279,174
4294967278,537
4294967279,344
4294967279,343
4294967278,536
4294967278,88
4294967279,342
4294967279,341
4294967278,535
4294967279,340
4294967279,339
4294967278,534
4294967279,338
4294967278,162
4294967278,259
4294967278,38
4294967278,37
4294967278,36
4294967278,35
4294967278,30
4294967278,28
4294967278,27
4294967278,26
4294967278,25
4294967278,24
4294967278,23
4294967278,22
4294967278,21
4294967278,20
4294967278,19
4294967278,18
4294967278,17
4294967278,16
4294967278,15
4294967278,14
4294967278,281
4294967278,12
4294967278,266
4294967278,11
4294967278,280
4294967278,10
4294967278,9
4294967278,8
4294967278,263
4294967278,7
4294967278,6
4294967278,5
4294967278,4
4294967279,132
4294967279,131
4294967279,130
4294967279,129
4294967279,128
4294967279,127
4294967279,126
4294967279,125
4294967279,124
4294967279,123
4294967279,122
4294967279,121
4294967279,120
4294967279,119
4294967279,245
4294967279,118
4294967279,243
4294967279,117
4294967279,241
4294967279,116
4294967279,115
4294967279,114
4294967279,113
4294967279,22
4294967279,19
4294967279,16
4294967278,160
4294967278,158
25,4
25,3
25,2
25,1
4294967279,337
4294967278,533
4294967279,336
4294967278,532
4294967279,335
4294967278,149
4294967278,146
24,6
4294967278,148
24,5
24,4
4294967278,147
24,2
24,1
4294967278,531
4294967278,34
4294967278,33
4294967278,530
4294967278,32
4294967279,334
4294967278,529
4294967278,31
4294967278,142
4294967279,333
4294967278,141
4294967278,528
4294967278,29
4294967278,140
4294967278,139
4294967278,138
4294967278,277
4294967279,332
4294967278,136
4294967279,20
4294967279,135
4294967278,134
4294967279,133
4294967278,133
4294967279,272
4294967279,270
4294967278,276
4294967279,271
4294967279,269
4294967278,282
21,4
4294967279,279
21,3
21,2
21,1
4294967278,274
4294967294,421
4294967294,163
4294967294,967
4294967278,273
4294967278,270
20,4
4294967279,266
20,3
20,2
20,1
4294967279,331
4294967279,14
4294967278,269
4294967279,265
4294967278,13
4294967279,330
4294967279,12
4294967279,263
4294967279,13
4294967278,527
4294967279,329
4294967278,526
4294967294,396
4294967294,399
4294967294,385
4294967294,407
4294967294,420
4294967294,178
4294967294,948
4294967294,168
4294967294,444
4294967294,946
4294967294,398
4294967294,113
4294967294,169
4294967294,184
4294967279,328
4294967279,258
4294967279,327
4294967278,525
4294967279,326
4294967279,256
4294967278,524
4294967279,255
4294967279,254
4294967279,325
4294967279,324
4294967278,523
4294967279,323
19,4
4294967278,522
19,3
19,2
19,1
4294967278,521
4294967279,322
4294967294,387
4294967278,520
4294967278,519
4294967279,321
4294967278,255
4294967279,320
4294967278,518
4294967279,319
4294967278,254
4294967279,318
4294967279,317
4294967278,517
4294967278,516
4294967278,253
4294967278,250
4294967278,248
18,6
18,5
4294967278,246
18,4
18,2
18,1
4294967278,244
4294967278,241
4294967278,238
4294967278,239
4294967279,316
4294967278,237
4294967278,236
4294967278,515
4294967279,315
4294967278,234
4294967278,230
4294967278,224
4294967278,228
4294967278,226
4294967278,225
4294967278,222
4294967278,220
4294967278,218
4294967278,217
4294967294,114
4294967278,216
4294967278,214
4294967279,314
15,4
4294967278,213
15,3
15,2
